qpm
Hors:0.82
Food:0.5508000000000002
Dino:0.9954
Moun:0.3425999999999999
Elep:0.6287999999999999
Afri:0.7464000000000002
Beac:0.40680000000000005
Buse:0.6592
Buil:0.533
Flow:0.7651999999999998

rfra
Hors:0.892
Food:0.754
Dino:1.0
Moun:0.358
Elep:0.752
Afri:0.8640000000000001
Beac:0.51
Buse:0.6040000000000001
Buil:0.6
Flow:0.788

