qpm
Hors:0.82
Food:0.5508000000000002
Dino:0.9954
Moun:0.3425999999999999
Elep:0.6287999999999999
Afri:0.7464000000000002
Beac:0.40680000000000005
Buse:0.6592
Buil:0.533
Flow:0.7651999999999998

