qpm
Hors:0.8200000000000002
Food:0.5508
Dino:0.9954000000000001
Moun:0.34259999999999996
Elep:0.6287999999999999
Afri:0.7464000000000002
Beac:0.4068
Buse:0.6592
Buil:0.5330000000000001
Flow:0.7652                     

multiquery
Hors:0.8998000000000002
Food:0.5861999999999999
Dino:0.9968
Moun:0.20559999999999998
Elep:0.6830000000000003
Afri:0.8488
Beac:0.3202
Buse:0.5893999999999999
Buil:0.5085999999999999
Flow:0.7097999999999999

rfra
Hors:0.8148000000000002
Food:0.5515999999999999
Dino:0.996
Moun:0.22200000000000003
Elep:0.6118000000000001
Afri:0.7826000000000001
Beac:0.2882
Buse:0.49579999999999996
Buil:0.4613999999999999
Flow:0.6579999999999998


rfra
Hors:0.8977999999999998
Food:0.7090000000000002
Dino:0.9965999999999999
Moun:0.31860000000000005
Elep:0.7361999999999999
Afri:0.8726000000000002
Beac:0.4166
Buse:0.6387999999999999
Buil:0.5860000000000001
Flow:0.7637999999999998