qpm
Hors:0.82
Food:0.5508000000000002
Dino:0.9954
Moun:0.3425999999999999
Elep:0.6287999999999999
Afri:0.7464000000000002
Beac:0.40680000000000005
Buse:0.6592
Buil:0.533
Flow:0.7651999999999998

rfra
Hors:0.892
Food:0.754
Dino:1.0
Moun:0.358
Elep:0.752
Afri:0.8640000000000001
Beac:0.51
Buse:0.6040000000000001
Buil:0.6
Flow:0.788

qpm = {
    'Horses':0.8200000000000002
    'Food':0.5508
    'Dino.':0.9954000000000001
    'Mount.':0.34259999999999996
    'Elep.':0.6287999999999999
    'Africa':0.7464000000000002
    'Beach':0.4068
    'Buses':0.6592
    'Builds.':0.5330000000000001
    'Flowers':0.7652
}

multiquery = {
    'Horses':0.907
    'Food':0.6747999999999998
    'Dino.':0.9972
    'Mount.':0.25660000000000005
    'Elep.':0.7456000000000002
    'Africa':0.8608000000000001
    'Beach':0.39020000000000005
    'Buses':0.6559999999999999
    'Builds.':0.5596
    'Flowers':0.7602
}

rfra = {
    'Horses':0.8983999999999999
    'Food':0.7046000000000001
    'Dino.':0.9965999999999999
    'Mount.':0.34759999999999996
    'Elep.':0.7339999999999999
    'Africa':0.8712000000000002
    'Beach':0.4292
    'Buses':0.6442
    'Builds.':0.5866000000000001
    'Flowers':0.7718
}
