qpm
Daff:0.24900000000000003
Snow:0.27975000000000005
Lily:0.2665
Blue:0.24525000000000002
Croc:0.32250000000000006
Iris:0.41325
Tige:0.22625
Tuli:0.23075
Frit:0.312
Sunf:0.30175
Dais:0.5515000000000001
Colt:0.39250000000000007
Dand:0.389
Cows:0.272
Butt:0.24900000000000003
Wind:0.42275
Pans:0.188

multiquery
Daff:0.221
Snow:0.339
Lily:0.265
Blue:0.29325
Croc:0.41174999999999995
Iris:0.40924999999999995
Tige:0.23975
Tuli:0.23025
Frit:0.3989999999999999
Sunf:0.21349999999999997
Dais:0.6064999999999999
Colt:0.43900000000000006
Dand:0.42880555555555555
Cows:0.32199999999999995
Butt:0.25
Wind:0.38325
Pans:0.18902777777777777

rfra
Daff:0.29575
Snow:0.37424999999999997
Lily:0.31050000000000005
Blue:0.3435
Croc:0.449
Iris:0.45975
Tige:0.314
Tuli:0.305
Frit:0.4085
Sunf:0.3165
Dais:0.6279999999999999
Colt:0.48375
Dand:0.46624999999999994
Cows:0.378
Butt:0.29775
Wind:0.4485
Pans:0.24725000000000003

