multiquery
Hors:0.907
Food:0.6748000000000002
Dino:0.9972
Moun:0.25659999999999994
Elep:0.7456000000000002
Afri:0.8608
Beac:0.3901999999999999
Buse:0.6559999999999999
Buil:0.5596
Flow:0.7602000000000002

